4.52/n0.08/n0.0/n0.0/n0.0/n0.0/n0.0/n0.0/n0.0/n0.0/n0.0/n0.0/n0.0/n0.0/n0.0/n0.0/n0.0/n0.0/n0.0/n0.0/n0.0/n0.0/n0.0/n0.0/n0.0/n0.0/n0.0/n0.0/n0.0/n0.0/n0.0/n0.0/n0.0/n0.0/n0.0/n0.0/n0.0/n0.0/n0.0/n0.0/n0.0/n0.0/n0.0/n0.0/n0.0/n0.0/n0.0/n0.0/n0.0/n0.0/n0.0/n0.0/n0.0/n0.0/n0.0/n0.0/n0.0/n0.0/n0.0/n0.0/n0.0/n0.0/n0.0/n0.0/n0.0/n0.0/n0.0/n0.0/n0.0/n0.0/n0.0/n0.0/n0.0/n0.0/n0.0/n0.0/n0.0/n0.0/n0.0/n0.0/n0.0/n0.0/n0.0/n0.0/n0.0/n0.0/n0.0/n0.0/n0.0/n0.0/n0.0/n0.0/n0.0/n3.35/n0.06/n0.0/n0.0/n0.0/n0.0/n0.0/n0.0/n0.0/n0.0/n0.0/n0.0/n0.0/n0.0/n0.0/n0.0/n0.0/n0.0/n0.0/n0.0/n0.0/n0.0/n0.0/n0.0/n0.0/n0.0/n0.0/n0.0/n0.0/n0.0/n0.0/n0.0/n0.0/n0.0/n0.0/n0.0/n0.0/n0.0/n0.0/n0.0/n0.0/n0.0/n0.0/n0.0/n0.0/n0.0/n0.0/n0.0/n0.0/n0.0/n0.0/n0.0/n0.0/n0.0/n0.0/n0.0/n0.0/n0.0/n0.0/n0.0/n0.0/n0.0/n0.0/n0.0/n0.0/n0.0/n0.0/n0.0/n0.0/n0.0/n0.0/n0.0/n3.53
0.06
0.0
0.0
0.0
0.0
0.0
0.0
0.0
0.0
0.0
0.0
0.0
0.0
0.0
0.0
0.0
0.0
0.0
0.0
0.0
0.0
0.0
0.0
0.0
0.0
0.0
0.0
0.0
0.0
0.0
0.0
0.0
0.0
0.0
0.0
0.0
0.0
0.0
0.0
0.0
0.0
0.0
0.0
0.0
0.0
0.0
0.0
0.0
0.0
0.0
0.0
0.0
0.0
0.0
0.0
0.0
0.0
0.0
0.0
0.0
0.0
0.0
0.0
0.0
0.0
0.0
0.0
0.0
0.0
0.0
0.0
0.0
0.0
0.0
0.0
0.0
0.0
0.0
0.0
0.0
0.0
0.0
0.0
0.0
0.0
0.0
0.0
0.0
0.0
0.0
0.0
0.0
0.0
0.0
0.0
0.0
0.0
0.0
0.0
0.0
0.0
0.0
0.0
0.0
0.0
0.0
0.0
3.8
0.06
0.0
0.0
0.0
0.0
0.0
0.0
0.0
0.0
0.0
0.0
0.0
0.0
0.0
0.0
0.0
0.0
0.0
0.0
0.0
0.0
0.0
0.0
0.0
0.0
0.0
0.0
0.0
0.0
0.0
0.0
0.0
0.0
0.0
0.0
0.0
0.0
0.0
0.0
0.0
0.0
0.0
0.0
0.0
0.0
0.0
0.0
0.0
0.0
0.0
0.0
0.0
0.0
0.0
0.0
0.0
0.0
0.0
0.0
0.0
